3 0.5983333333333334 0.21222222222222223 0.6041666666666667 0.23111111111111113 0.6283333333333333 0.23222222222222225 0.6258333333333332 0.2088888888888889 0.5983333333333334 0.21222222222222223
3 0.7558333333333334 0.17111111111111113 0.7133333333333333 0.18333333333333335 0.7208333333333333 0.19111111111111112 0.7633333333333333 0.19222222222222224 0.7833333333333333 0.1766666666666667 0.7558333333333334 0.17111111111111113
3 0.495 0.32555555555555554 0.45583333333333337 0.32666666666666666 0.4383333333333333 0.33666666666666667 0.44749999999999995 0.3533333333333334 0.4716666666666667 0.3522222222222222 0.49083333333333334 0.3377777777777778 0.495 0.32555555555555554
3 0.8216666666666667 0.518888888888889 0.8125 0.5066666666666666 0.7858333333333334 0.5066666666666666 0.7766666666666666 0.5166666666666667 0.7858333333333334 0.54 0.8150000000000001 0.5455555555555556 0.8216666666666667 0.5411111111111111 0.8216666666666667 0.518888888888889
3 0.6908333333333333 0.17777777777777778 0.7016666666666667 0.16555555555555557 0.6975 0.1577777777777778 0.6608333333333334 0.16 0.6391666666666667 0.1488888888888889 0.6241666666666666 0.15333333333333335 0.6174999999999999 0.16666666666666669 0.5833333333333333 0.17222222222222222 0.6166666666666667 0.1788888888888889 0.6275000000000001 0.16666666666666669 0.6908333333333333 0.17777777777777778
3 0.5758333333333333 0.46222222222222226 0.5508333333333333 0.46222222222222226 0.53 0.47444444444444445 0.5408333333333333 0.5 0.575 0.51 0.5900000000000001 0.4922222222222222 0.5758333333333333 0.46222222222222226
3 0.8558333333333333 0.22000000000000003 0.8258333333333333 0.22888888888888892 0.805 0.27222222222222225 0.8158333333333333 0.29111111111111115 0.8433333333333334 0.29222222222222227 0.8633333333333333 0.22777777777777777 0.8558333333333333 0.22000000000000003
3 0.06333333333333332 0.7633333333333334 0.049166666666666664 0.7488888888888889 0.034166666666666665 0.7466666666666667 0.0008333333333333333 0.7711111111111111 0.0016666666666666666 0.8300000000000001 0.04416666666666667 0.7933333333333333 0.06333333333333332 0.7633333333333334
3 0.4125 0.3533333333333334 0.41833333333333333 0.3433333333333334 0.38916666666666666 0.33111111111111113 0.29500000000000004 0.35444444444444445 0.3025 0.36888888888888893 0.3383333333333333 0.37444444444444447 0.38583333333333336 0.36444444444444446 0.4125 0.3533333333333334
3 0.09333333333333334 0.39222222222222225 0.06416666666666666 0.39111111111111113 0.0008333333333333333 0.40888888888888897 0 0.45888888888888896 0.018333333333333333 0.45888888888888896 0.04416666666666667 0.45111111111111113 0.09333333333333334 0.39222222222222225
3 0.5516666666666666 0.26555555555555554 0.5358333333333334 0.2555555555555556 0.4225 0.2577777777777778 0.39416666666666667 0.2644444444444444 0.38666666666666666 0.27444444444444444 0.3975 0.29111111111111115 0.4583333333333333 0.29444444444444445 0.5091666666666667 0.29111111111111115 0.5516666666666666 0.26555555555555554
3 0.2816666666666666 0.29444444444444445 0.2791666666666667 0.27111111111111114 0.21749999999999997 0.27555555555555555 0.17416666666666666 0.29111111111111115 0.16666666666666669 0.30333333333333334 0.16999999999999998 0.3211111111111111 0.1825 0.33111111111111113 0.2475 0.3533333333333334 0.26666666666666666 0.3522222222222222 0.2733333333333333 0.34555555555555556 0.2816666666666666 0.29444444444444445
3 0.21166666666666667 0.6211111111111112 0.22000000000000003 0.5877777777777778 0.15916666666666665 0.6044444444444445 0.12250000000000001 0.6422222222222222 0.10083333333333333 0.6533333333333333 0.09333333333333334 0.6655555555555556 0.09166666666666666 0.6966666666666667 0.1025 0.7088888888888889 0.12 0.7077777777777778 0.19416666666666665 0.6488888888888888 0.21166666666666667 0.6211111111111112
3 0.7508333333333332 0.4311111111111111 0.76 0.4188888888888889 0.7516666666666667 0.3944444444444445 0.7558333333333334 0.38666666666666666 0.8158333333333333 0.40444444444444444 0.8366666666666667 0.37222222222222223 0.8208333333333334 0.35555555555555557 0.7808333333333334 0.3577777777777778 0.7458333333333333 0.3377777777777778 0.6741666666666666 0.33555555555555555 0.6649999999999999 0.34111111111111114 0.6649999999999999 0.3566666666666667 0.7191666666666666 0.3844444444444445 0.7216666666666667 0.3944444444444445 0.7158333333333333 0.4022222222222222 0.6975 0.4177777777777778 0.6491666666666667 0.41111111111111115 0.6033333333333333 0.4188888888888889 0.6391666666666667 0.44000000000000006 0.6849999999999999 0.44333333333333336 0.7058333333333333 0.4311111111111111 0.7508333333333332 0.4311111111111111
3 0.315 0.43 0.31333333333333335 0.40777777777777774 0.3025 0.39555555555555555 0.2725 0.38666666666666666 0.1725 0.3888888888888889 0.13416666666666666 0.4066666666666666 0.095 0.43888888888888894 0.1025 0.45111111111111113 0.24 0.4522222222222222 0.3058333333333333 0.44000000000000006 0.315 0.43
3 0.72 0.6211111111111112 0.725 0.6033333333333333 0.7216666666666667 0.55 0.6575 0.5244444444444445 0.5974999999999999 0.52 0.6016666666666667 0.5522222222222222 0.5883333333333333 0.5900000000000001 0.5966666666666667 0.6233333333333333 0.6308333333333334 0.6488888888888888 0.6683333333333333 0.658888888888889 0.6908333333333333 0.6533333333333333 0.72 0.6211111111111112
3 0.5816666666666667 0.8477777777777777 0.5608333333333333 0.8155555555555555 0.5291666666666667 0.8 0.4708333333333333 0.8222222222222223 0.4208333333333333 0.8733333333333334 0.39416666666666667 0.8866666666666667 0.3516666666666667 0.9477777777777778 0.33333333333333337 0.9922222222222222 0.3375 1 0.5316666666666666 0.9988888888888889 0.5783333333333334 0.8988888888888888 0.5816666666666667 0.8477777777777777
3 0.37666666666666665 0.2633333333333333 0.3625 0.24888888888888888 0.3358333333333333 0.24888888888888888 0.30333333333333334 0.2633333333333333 0.3075 0.27111111111111114 0.345 0.27444444444444444 0.3725 0.27111111111111114 0.37666666666666665 0.2633333333333333