3 0.04427083333333333 0.18229166666666666 0.0015625 0.18333333333333332 0.0020833333333333333 0.20052083333333331 0.009375 0.2015625 0.04895833333333333 0.18802083333333333 0.04427083333333333 0.18229166666666666
3 0.9760416666666666 0.1890625 0.9692708333333332 0.18229166666666666 0.9328125 0.18229166666666666 0.9098958333333332 0.18541666666666665 0.9041666666666666 0.19114583333333332 0.9098958333333332 0.20104166666666665 0.9364583333333332 0.2036458333333333 0.9671875 0.2 0.9760416666666666 0.1890625
3 0.9989583333333332 0.2505208333333333 0.9875 0.2484375 0.9885416666666667 0.23385416666666664 0.9848958333333332 0.2302083333333333 0.9515625 0.23541666666666666 0.9348958333333333 0.24166666666666664 0.9302083333333332 0.24739583333333331 0.9338541666666667 0.2520833333333333 0.9567708333333332 0.2583333333333333 0.9854166666666666 0.25885416666666666 0.9890625 0.253125 0.9989583333333332 0.2505208333333333
3 0.9552083333333332 0.14739583333333334 0.9369791666666666 0.140625 0.8953125 0.13958333333333334 0.878125 0.15052083333333333 0.8786458333333332 0.15520833333333334 0.8921875 0.15833333333333333 0.9375 0.1609375 0.9536458333333332 0.15833333333333333 0.9552083333333332 0.14739583333333334
3 0.7770833333333333 0.07864583333333333 0.7651041666666666 0.06979166666666667 0.7296875 0.06979166666666667 0.7067708333333333 0.07291666666666666 0.69375 0.08177083333333332 0.7067708333333333 0.08958333333333332 0.734375 0.09114583333333333 0.7661458333333333 0.08958333333333332 0.7770833333333333 0.07864583333333333
3 0.1515625 0.153125 0.15416666666666665 0.1453125 0.1328125 0.14166666666666666 0.1046875 0.14375 0.07864583333333333 0.15208333333333332 0.06770833333333333 0.15989583333333332 0.07447916666666667 0.16875 0.09375 0.16822916666666665 0.13697916666666665 0.16041666666666665 0.1515625 0.153125
3 0.2328125 0.3260416666666667 0.24375 0.3130208333333333 0.2328125 0.303125 0.19010416666666666 0.3125 0.1578125 0.3333333333333333 0.15833333333333333 0.34010416666666665 0.21614583333333331 0.33229166666666665 0.2328125 0.3260416666666667
3 0.9760416666666666 0.09010416666666667 0.9692708333333332 0.08229166666666667 0.9171875 0.08020833333333333 0.846875 0.09114583333333333 0.8546875 0.09583333333333333 0.9229166666666666 0.1015625 0.9703125 0.09583333333333333 0.9760416666666666 0.09010416666666667
3 0.6 0.18072916666666666 0.5942708333333333 0.17291666666666666 0.5828125 0.16770833333333332 0.5567708333333333 0.16458333333333333 0.5286458333333333 0.171875 0.5145833333333333 0.18489583333333331 0.5171875 0.19583333333333333 0.5479166666666666 0.1953125 0.5932291666666666 0.18854166666666666 0.6 0.18072916666666666
3 0.8166666666666667 0.2942708333333333 0.7963541666666666 0.2864583333333333 0.7692708333333333 0.28541666666666665 0.7296875 0.29375 0.721875 0.3026041666666667 0.7244791666666666 0.3104166666666667 0.7390625 0.3145833333333333 0.7822916666666666 0.31510416666666663 0.8119791666666666 0.30625 0.8166666666666667 0.2942708333333333
3 0.2223958333333333 0.2520833333333333 0.22395833333333331 0.2442708333333333 0.21614583333333331 0.23541666666666666 0.15052083333333333 0.23541666666666666 0.10260416666666665 0.246875 0.090625 0.2557291666666667 0.09166666666666666 0.2630208333333333 0.1015625 0.26666666666666666 0.14479166666666665 0.26822916666666663 0.2015625 0.2614583333333333 0.2223958333333333 0.2520833333333333
3 0.6578125 0.134375 0.6869791666666666 0.13333333333333333 0.6989583333333333 0.12447916666666665 0.6859375 0.11770833333333333 0.6546875 0.12083333333333332 0.6390625 0.10833333333333332 0.5973958333333333 0.10520833333333332 0.5630208333333333 0.11041666666666665 0.5505208333333333 0.11666666666666665 0.54375 0.12552083333333333 0.5484375 0.13854166666666665 0.5822916666666667 0.14010416666666664 0.6463541666666666 0.12708333333333333 0.6578125 0.134375
3 0.3963541666666667 0.5489583333333333 0.4072916666666666 0.5338541666666666 0.403125 0.5182291666666666 0.3796875 0.5135416666666666 0.3598958333333333 0.5145833333333333 0.3411458333333333 0.5177083333333333 0.3265625 0.5270833333333333 0.3177083333333333 0.5442708333333333 0.3208333333333333 0.5598958333333333 0.33072916666666663 0.5645833333333333 0.3458333333333333 0.5640625 0.3734375 0.5604166666666666 0.3963541666666667 0.5489583333333333
3 0.7739583333333333 0.1859375 0.7651041666666666 0.175 0.7463541666666667 0.16770833333333332 0.7046875 0.165625 0.6421875 0.175 0.6192708333333333 0.18333333333333332 0.6125 0.19114583333333332 0.6203125 0.2020833333333333 0.6442708333333333 0.21041666666666664 0.6885416666666666 0.2109375 0.7619791666666667 0.196875 0.7739583333333333 0.1859375
3 0.6744791666666666 0.04791666666666666 0.6802083333333333 0.0296875 0.6760416666666667 0.0140625 0.6442708333333333 0.015625 0.6401041666666666 0 0.6234375 0.0020833333333333333 0.6161458333333333 0.004166666666666667 0.6104166666666666 0.0171875 0.5890625 0.034375 0.5255208333333333 0.034375 0.4864583333333333 0.0515625 0.48697916666666663 0.057291666666666664 0.5005208333333333 0.0625 0.5536458333333333 0.06041666666666666 0.5838541666666666 0.053125 0.6046875 0.05416666666666666 0.6130208333333333 0.06041666666666666 0.6260416666666666 0.06197916666666666 0.6526041666666667 0.059375 0.6744791666666666 0.04791666666666666
3 0.4682291666666666 0.2177083333333333 0.4729166666666666 0.20885416666666665 0.4671875 0.20104166666666665 0.4432291666666666 0.19479166666666664 0.40885416666666663 0.19375 0.4208333333333333 0.1859375 0.4260416666666666 0.17239583333333333 0.4213541666666666 0.16666666666666666 0.3984375 0.1625 0.3286458333333333 0.16979166666666665 0.31197916666666664 0.175 0.2989583333333333 0.18489583333333331 0.3015625 0.19270833333333331 0.3130208333333333 0.196875 0.3442708333333333 0.20104166666666665 0.39010416666666664 0.19895833333333332 0.3651041666666667 0.2125 0.3625 0.2203125 0.3765625 0.23229166666666665 0.4104166666666666 0.23385416666666664 0.4588541666666666 0.221875 0.4682291666666666 0.2177083333333333
3 0.6713541666666666 0.396875 0.7130208333333333 0.3739583333333333 0.7166666666666666 0.35885416666666664 0.7046875 0.34479166666666666 0.6869791666666666 0.3375 0.6432291666666666 0.334375 0.5880208333333333 0.3427083333333333 0.5494791666666666 0.353125 0.5348958333333333 0.3614583333333333 0.5177083333333333 0.3786458333333333 0.5177083333333333 0.3859375 0.5348958333333333 0.3958333333333333 0.5796875 0.40625 0.6083333333333333 0.4067708333333333 0.6515625 0.403125 0.6713541666666666 0.396875
3 0.03020833333333333 0.6401041666666666 0.04739583333333333 0.6239583333333333 0.09114583333333333 0.6291666666666667 0.16822916666666665 0.6041666666666666 0.18854166666666666 0.5880208333333333 0.190625 0.5765625 0.18645833333333334 0.5661458333333333 0.16197916666666665 0.553125 0.12760416666666666 0.5541666666666666 0.07135416666666666 0.5635416666666666 0.04010416666666666 0.5802083333333333 0.027604166666666662 0.59375 0.0005208333333333333 0.6072916666666666 0 0.6921875 0.003125 0.6921875 0.010416666666666666 0.6869791666666666 0.03020833333333333 0.6401041666666666
3 0.4328125 0.28541666666666665 0.47135416666666663 0.2833333333333333 0.5348958333333333 0.271875 0.6067708333333333 0.26979166666666665 0.6244791666666666 0.2645833333333333 0.628125 0.2557291666666667 0.6171875 0.2427083333333333 0.6067708333333333 0.2375 0.5515625 0.22395833333333331 0.5171875 0.22395833333333331 0.4692708333333333 0.23541666666666666 0.4234375 0.2635416666666667 0.3203125 0.26979166666666665 0.2880208333333333 0.28229166666666666 0.2645833333333333 0.29947916666666663 0.26041666666666663 0.31510416666666663 0.26510416666666664 0.32291666666666663 0.3177083333333333 0.3380208333333333 0.3692708333333333 0.3260416666666667 0.4328125 0.28541666666666665
3 0.16822916666666665 0.4510416666666666 0.20572916666666666 0.4354166666666666 0.24739583333333331 0.425 0.253125 0.40885416666666663 0.24739583333333331 0.40104166666666663 0.2359375 0.4 0.21614583333333331 0.390625 0.17552083333333332 0.3885416666666667 0.15364583333333331 0.3802083333333333 0.08802083333333333 0.37604166666666666 0.04114583333333333 0.3520833333333333 0.003645833333333333 0.35 0 0.3515625 0 0.4723958333333333 0.019791666666666666 0.4786458333333333 0.12135416666666665 0.46354166666666663 0.16822916666666665 0.4510416666666666
3 0.5651041666666666 0.6916666666666667 0.5796875 0.6875 0.6244791666666666 0.6614583333333333 0.6385416666666666 0.6484375 0.6447916666666667 0.6244791666666666 0.6317708333333333 0.5947916666666666 0.6036458333333333 0.5760416666666666 0.5932291666666666 0.5635416666666666 0.5296875 0.5625 0.4880208333333333 0.5447916666666666 0.45572916666666663 0.546875 0.3958333333333333 0.5651041666666666 0.3895833333333333 0.5859375 0.3739583333333333 0.6119791666666666 0.37604166666666666 0.6328125 0.39322916666666663 0.6572916666666666 0.4036458333333333 0.6625 0.4078125 0.6583333333333333 0.4359375 0.6583333333333333 0.4380208333333333 0.6739583333333333 0.4682291666666666 0.6739583333333333 0.46875 0.6880208333333333 0.4619791666666666 0.6916666666666667 0.5307291666666666 0.6895833333333333 0.5322916666666666 0.7015625 0.5385416666666666 0.7026041666666666 0.5598958333333333 0.6979166666666666 0.5651041666666666 0.6916666666666667
3 0.68125 0.9244791666666666 0.6572916666666666 0.8911458333333332 0.65625 0.8713541666666667 0.634375 0.8401041666666667 0.628125 0.8244791666666667 0.6088541666666666 0.8072916666666666 0.5869791666666666 0.8 0.5713541666666666 0.8010416666666667 0.5661458333333333 0.796875 0.5484375 0.7958333333333333 0.5192708333333333 0.7989583333333333 0.5098958333333333 0.80625 0.4984375 0.80625 0.44010416666666663 0.83125 0.4359375 0.8447916666666666 0.4098958333333333 0.8447916666666666 0.3796875 0.8541666666666666 0.3692708333333333 0.8625 0.33072916666666663 0.8708333333333332 0.3255208333333333 0.8770833333333332 0.3046875 0.8854166666666666 0.2869791666666667 0.90625 0.2671875 0.9145833333333332 0.25 0.9338541666666667 0.2489583333333333 0.9546875 0.2625 0.9755208333333332 0.2630208333333333 0.9979166666666666 0.634375 0.9994791666666666 0.68125 0.9536458333333332 0.68125 0.9244791666666666