3 0.33642578125 0.4401041666666667 0.337890625 0.4342447916666667 0.31689453125 0.4322916666666667 0.28125 0.44466145833333337 0.28271484375 0.45052083333333337 0.298828125 0.451171875 0.32568359375 0.4453125 0.33642578125 0.4401041666666667
3 0.556640625 0.4342447916666667 0.52099609375 0.4322916666666667 0.490234375 0.439453125 0.50146484375 0.44661458333333337 0.53125 0.4459635416666667 0.55517578125 0.4401041666666667 0.556640625 0.4342447916666667
3 0.27392578125 0.46484375 0.26123046875 0.4635416666666667 0.22412109375 0.46875 0.21484375 0.47591145833333337 0.22021484375 0.48177083333333337 0.2392578125 0.4811197916666667 0.279296875 0.470703125 0.27392578125 0.46484375
3 0.26123046875 0.3984375 0.22021484375 0.4049479166666667 0.2138671875 0.41341145833333337 0.2509765625 0.41341145833333337 0.3173828125 0.4029947916666667 0.26123046875 0.3984375
3 0.4580078125 0.5045572916666667 0.44677734375 0.49739583333333337 0.41650390625 0.49739583333333337 0.39111328125 0.5026041666666667 0.3759765625 0.5123697916666667 0.38232421875 0.51953125 0.427734375 0.521484375 0.45166015625 0.515625 0.4580078125 0.5045572916666667
3 0.5869140625 0.564453125 0.57763671875 0.5572916666666667 0.55224609375 0.5546875 0.52001953125 0.5625 0.5029296875 0.5748697916666667 0.50537109375 0.58203125 0.51513671875 0.5872395833333334 0.5478515625 0.587890625 0.57763671875 0.5807291666666667 0.5869140625 0.564453125
3 0.7724609375 0.5188802083333334 0.76513671875 0.51171875 0.74072265625 0.5052083333333334 0.70556640625 0.5065104166666667 0.68359375 0.5188802083333334 0.69677734375 0.5325520833333334 0.7392578125 0.5358072916666667 0.76611328125 0.53125 0.7724609375 0.5188802083333334
3 0.4775390625 0.607421875 0.46533203125 0.5963541666666667 0.43212890625 0.5950520833333334 0.39501953125 0.6041666666666667 0.3857421875 0.615234375 0.3857421875 0.623046875 0.39306640625 0.6315104166666667 0.427734375 0.6360677083333334 0.46630859375 0.6236979166666667 0.4775390625 0.607421875
3 0.634765625 0.6516927083333334 0.634765625 0.6438802083333334 0.62451171875 0.6302083333333334 0.59716796875 0.6197916666666667 0.54931640625 0.6223958333333334 0.53173828125 0.62890625 0.5263671875 0.6373697916666667 0.5244140625 0.654296875 0.53564453125 0.6653645833333334 0.583984375 0.6712239583333334 0.62353515625 0.6653645833333334 0.634765625 0.6516927083333334
3 0.69287109375 0.49348958333333337 0.6982421875 0.4811197916666667 0.68994140625 0.47265625 0.66943359375 0.46614583333333337 0.61279296875 0.46484375 0.57958984375 0.47005208333333337 0.548828125 0.486328125 0.55029296875 0.4921875 0.58056640625 0.5026041666666667 0.640625 0.505859375 0.68310546875 0.4986979166666667 0.69287109375 0.49348958333333337
3 0.17919921875 0.58203125 0.1796875 0.572265625 0.1748046875 0.5657552083333334 0.17724609375 0.5598958333333334 0.22119140625 0.5442708333333334 0.228515625 0.5384114583333334 0.228515625 0.5305989583333334 0.22119140625 0.5234375 0.15673828125 0.5299479166666667 0.1298828125 0.5475260416666667 0.1298828125 0.556640625 0.1357421875 0.560546875 0.13232421875 0.56640625 0.10009765625 0.578125 0.0888671875 0.5891927083333334 0.08984375 0.5970052083333334 0.09521484375 0.6015625 0.1240234375 0.6022135416666667 0.15380859375 0.5950520833333334 0.17919921875 0.58203125
3 0.10693359375 0.6692708333333334 0.14013671875 0.6575520833333334 0.1513671875 0.6438802083333334 0.15234375 0.6334635416666667 0.13818359375 0.625 0.09423828125 0.6223958333333334 0.03759765625 0.6341145833333334 0 0.6529947916666667 0.00048828125 0.69921875 0.0400390625 0.6998697916666667 0.08544921875 0.6875 0.10693359375 0.6692708333333334
3 0.712890625 0.884765625 0.71484375 0.876953125 0.708984375 0.873046875 0.71875 0.8678385416666667 0.7197265625 0.8561197916666667 0.708984375 0.8430989583333334 0.71484375 0.8391927083333334 0.708984375 0.8170572916666667 0.69873046875 0.8098958333333334 0.69091796875 0.8111979166666667 0.68798828125 0.7994791666666667 0.67138671875 0.7955729166666667 0.64404296875 0.7994791666666667 0.60888671875 0.828125 0.595703125 0.8313802083333334 0.61279296875 0.8815104166666667 0.65966796875 0.8997395833333334 0.6904296875 0.900390625 0.70654296875 0.8932291666666667 0.712890625 0.884765625
3 0.44482421875 0.76171875 0.50732421875 0.7473958333333334 0.52880859375 0.7330729166666667 0.53125 0.7194010416666667 0.51416015625 0.6888020833333334 0.48681640625 0.6861979166666667 0.47705078125 0.6783854166666667 0.36865234375 0.6901041666666667 0.33056640625 0.7083333333333334 0.322265625 0.716796875 0.3203125 0.728515625 0.32421875 0.748046875 0.33447265625 0.7591145833333334 0.3916015625 0.7701822916666667 0.41845703125 0.7604166666666667 0.44482421875 0.76171875