3 0.326923076923077 0.5552884615384616 0.3701923076923077 0.560096153846154 0.3918269230769231 0.5480769230769231 0.3918269230769231 0.53125 0.3509615384615385 0.5264423076923077 0.3293269230769231 0.5384615384615385 0.326923076923077 0.5552884615384616
3 0.44951923076923084 0.5961538461538461 0.4855769230769231 0.591346153846154 0.4831730769230769 0.5649038461538461 0.4543269230769231 0.5625 0.44230769230769235 0.5769230769230769 0.44951923076923084 0.5961538461538461
3 0.560096153846154 0.7884615384615385 0.5865384615384616 0.8004807692307694 0.6177884615384616 0.7908653846153847 0.6177884615384616 0.75 0.5528846153846154 0.7379807692307693 0.5456730769230769 0.7692307692307693 0.560096153846154 0.7884615384615385
3 0.40144230769230776 0.7572115384615385 0.40625 0.7980769230769231 0.4567307692307693 0.795673076923077 0.4879807692307693 0.764423076923077 0.47115384615384615 0.733173076923077 0.43509615384615385 0.71875 0.41105769230769235 0.7355769230769231 0.40144230769230776 0.7572115384615385
3 0.0889423076923077 0.8389423076923077 0.0889423076923077 0.9014423076923077 0.10576923076923077 0.9302884615384617 0.15625 0.9302884615384617 0.1875 0.8990384615384617 0.19230769230769232 0.8100961538461539 0.18028846153846154 0.795673076923077 0.16826923076923078 0.795673076923077 0.11778846153846154 0.8076923076923077 0.0889423076923077 0.8389423076923077
3 0.18509615384615385 0.9182692307692308 0.19951923076923078 0.9567307692307694 0.22355769230769235 0.9735576923076923 0.25721153846153844 0.9663461538461539 0.27884615384615385 0.9254807692307694 0.2764423076923077 0.8822115384615385 0.2668269230769231 0.8725961538461539 0.23076923076923078 0.8701923076923077 0.1947115384615385 0.8870192307692308 0.18509615384615385 0.9182692307692308
3 0.326923076923077 0.9350961538461539 0.35336538461538464 0.9615384615384617 0.375 0.96875 0.4158653846153847 0.9375 0.4206730769230769 0.8990384615384617 0.40384615384615385 0.875 0.3605769230769231 0.8653846153846155 0.326923076923077 0.8918269230769231 0.326923076923077 0.9350961538461539
3 0.4134615384615385 0.9567307692307694 0.3822115384615385 0.9759615384615385 0.37740384615384615 1 0.5 1 0.46634615384615385 0.9663461538461539 0.4134615384615385 0.9567307692307694
3 0.4759615384615385 0.9254807692307694 0.4903846153846154 0.9399038461538461 0.5240384615384616 0.9423076923076923 0.5528846153846154 0.9158653846153847 0.5552884615384616 0.8798076923076923 0.5336538461538461 0.8461538461538461 0.49759615384615385 0.8389423076923077 0.4783653846153847 0.8653846153846155 0.4759615384615385 0.9254807692307694
3 0.6153846153846154 0.9903846153846155 0.7259615384615385 0.9855769230769231 0.716346153846154 0.9591346153846155 0.6923076923076923 0.9350961538461539 0.653846153846154 0.9278846153846155 0.6129807692307693 0.9375 0.6153846153846154 0.9903846153846155
3 0.30528846153846156 0.764423076923077 0.3125 0.7836538461538461 0.3341346153846154 0.7836538461538461 0.375 0.7451923076923077 0.37740384615384615 0.716346153846154 0.358173076923077 0.7115384615384616 0.31009615384615385 0.7427884615384616 0.30528846153846156 0.764423076923077
3 0.9038461538461539 0.7548076923076923 0.9038461538461539 0.7211538461538461 0.9302884615384617 0.6947115384615385 0.9230769230769231 0.6514423076923077 0.8701923076923077 0.6201923076923077 0.8221153846153847 0.6153846153846154 0.7884615384615385 0.6298076923076923 0.7932692307692308 0.653846153846154 0.8076923076923077 0.6634615384615385 0.795673076923077 0.6730769230769231 0.7668269230769231 0.6730769230769231 0.7235576923076923 0.6346153846153847 0.6947115384615385 0.6298076923076923 0.6754807692307693 0.6442307692307693 0.6370192307692308 0.6514423076923077 0.6298076923076923 0.6730769230769231 0.6754807692307693 0.7259615384615385 0.747596153846154 0.7740384615384616 0.8076923076923077 0.795673076923077 0.8822115384615385 0.7932692307692308 0.9230769230769231 0.858173076923077 0.9254807692307694 0.96875 1 0.9663461538461539 1 0.8317307692307694 0.9663461538461539 0.8221153846153847 0.9038461538461539 0.7548076923076923