3 0.19711538461538464 0.764423076923077 0.125 0.8341346153846155 0.10817307692307694 0.9615384615384617 0.12259615384615385 0.9735576923076923 0.18509615384615385 0.9783653846153847 0.358173076923077 0.9783653846153847 0.3918269230769231 0.9663461538461539 0.4879807692307693 0.889423076923077 0.5096153846153847 0.8485576923076923 0.5072115384615385 0.795673076923077 0.4903846153846154 0.7620192307692308 0.46394230769230776 0.7403846153846154 0.43269230769230776 0.7307692307692308 0.36778846153846156 0.7259615384615385 0.22596153846153846 0.75 0.19711538461538464 0.764423076923077
3 0.5360576923076923 0.5985576923076923 0.5432692307692308 0.6490384615384616 0.6009615384615385 0.7091346153846154 0.6418269230769231 0.7235576923076923 0.6971153846153847 0.7235576923076923 0.7860576923076923 0.6610576923076923 0.795673076923077 0.6322115384615385 0.7932692307692308 0.5769230769230769 0.7355769230769231 0.5480769230769231 0.6274038461538461 0.5432692307692308 0.560096153846154 0.5625 0.5360576923076923 0.5985576923076923
3 0.8629807692307694 0.8076923076923077 0.9182692307692308 0.8341346153846155 0.9615384615384617 0.8413461538461539 0.9783653846153847 0.8125 0.9783653846153847 0.7764423076923077 0.96875 0.778846153846154 0.9278846153846155 0.7403846153846154 0.9158653846153847 0.7403846153846154 0.858173076923077 0.764423076923077 0.8629807692307694 0.8076923076923077
3 0.10817307692307694 0.35336538461538464 0.18509615384615385 0.37740384615384615 0.19230769230769232 0.40144230769230776 0.18028846153846154 0.4182692307692307 0.18028846153846154 0.44951923076923084 0.20673076923076925 0.49519230769230776 0.2980769230769231 0.5120192307692308 0.3557692307692308 0.5120192307692308 0.40144230769230776 0.49759615384615385 0.4543269230769231 0.5048076923076923 0.4855769230769231 0.4855769230769231 0.5240384615384616 0.43509615384615385 0.5216346153846154 0.41105769230769235 0.46634615384615385 0.3942307692307693 0.28846153846153844 0.37980769230769235 0.27884615384615385 0.3557692307692308 0.22355769230769235 0.35336538461538464 0.21875 0.34375 0.22836538461538464 0.32211538461538464 0.1826923076923077 0.31490384615384615 0.10817307692307694 0.3341346153846154 0.10817307692307694 0.35336538461538464
3 0.5192307692307693 0.358173076923077 0.5336538461538461 0.358173076923077 0.5528846153846154 0.375 0.625 0.37259615384615385 0.6298076923076923 0.39903846153846156 0.6706730769230769 0.4230769230769231 0.716346153846154 0.4206730769230769 0.7403846153846154 0.40384615384615385 0.7451923076923077 0.38461538461538464 0.7355769230769231 0.37980769230769235 0.653846153846154 0.37259615384615385 0.6418269230769231 0.3389423076923077 0.5865384615384616 0.3317307692307693 0.5336538461538461 0.34134615384615385 0.5192307692307693 0.358173076923077
3 0.8317307692307694 0.4783653846153847 0.875 0.5096153846153847 0.8966346153846155 0.5168269230769231 0.9254807692307694 0.5120192307692308 0.9447115384615385 0.48076923076923084 0.9423076923076923 0.44230769230769235 0.9158653846153847 0.4278846153846154 0.8653846153846155 0.4278846153846154 0.8317307692307694 0.44230769230769235 0.8317307692307694 0.4783653846153847
3 0.9543269230769231 0.5336538461538461 0.9543269230769231 0.5745192307692308 0.9783653846153847 0.5769230769230769 0.9975961538461539 0.59375 1 0.5264423076923077 0.9663461538461539 0.5216346153846154 0.9543269230769231 0.5336538461538461
3 0.41105769230769235 0.3028846153846154 0.4543269230769231 0.32211538461538464 0.5072115384615385 0.32211538461538464 0.5961538461538461 0.2932692307692308 0.591346153846154 0.25721153846153844 0.5408653846153847 0.25480769230769235 0.4230769230769231 0.27403846153846156 0.41105769230769235 0.3028846153846154
3 0.18028846153846154 0.22355769230769235 0.1466346153846154 0.23557692307692307 0.16105769230769232 0.25 0.2139423076923077 0.25240384615384615 0.25240384615384615 0.23076923076923078 0.31490384615384615 0.21634615384615388 0.326923076923077 0.20432692307692307 0.31971153846153844 0.18990384615384617 0.25961538461538464 0.18990384615384617 0.19951923076923078 0.19711538461538464 0.18028846153846154 0.22355769230769235
3 0.2451923076923077 0.2932692307692308 0.2764423076923077 0.295673076923077 0.31490384615384615 0.28125 0.3076923076923077 0.2668269230769231 0.2668269230769231 0.2644230769230769 0.23798076923076925 0.27884615384615385 0.2451923076923077 0.2932692307692308
3 0.3125 0.358173076923077 0.34615384615384615 0.3629807692307693 0.37980769230769235 0.3509615384615385 0.37980769230769235 0.3293269230769231 0.34134615384615385 0.3245192307692308 0.30528846153846156 0.34134615384615385 0.3125 0.358173076923077
3 0.3942307692307693 0.23557692307692307 0.43028846153846156 0.23557692307692307 0.47355769230769235 0.21634615384615388 0.46153846153846156 0.19711538461538464 0.40625 0.19711538461538464 0.3822115384615385 0.2139423076923077 0.3942307692307693 0.23557692307692307
3 0.46153846153846156 0.19230769230769232 0.5096153846153847 0.19711538461538464 0.5336538461538461 0.1826923076923077 0.4879807692307693 0.17548076923076925 0.46634615384615385 0.18028846153846154 0.46153846153846156 0.19230769230769232
3 0.7572115384615385 0.9471153846153847 0.6875 0.9591346153846155 0.6754807692307693 0.9783653846153847 0.6754807692307693 1 0.9375 1 0.8918269230769231 0.9639423076923077 0.7572115384615385 0.9471153846153847
3 0.24759615384615388 0.1514423076923077 0.24759615384615388 0.1634615384615385 0.25480769230769235 0.17307692307692307 0.30528846153846156 0.18028846153846154 0.43269230769230776 0.17307692307692307 0.4855769230769231 0.15625 0.4759615384615385 0.13701923076923078 0.36778846153846156 0.13221153846153846 0.2620192307692308 0.14182692307692307 0.24759615384615388 0.1514423076923077
3 0.5793269230769231 0.19951923076923078 0.65625 0.22596153846153846 0.7283653846153847 0.20673076923076925 0.7211538461538461 0.1875 0.701923076923077 0.1826923076923077 0.6033653846153847 0.1826923076923077 0.5817307692307693 0.1875 0.5793269230769231 0.19951923076923078
3 0.6754807692307693 0.30528846153846156 0.6995192307692308 0.31490384615384615 0.7259615384615385 0.3125 0.733173076923077 0.28605769230769235 0.6923076923076923 0.28365384615384615 0.6730769230769231 0.29086538461538464 0.6754807692307693 0.30528846153846156
3 0.5552884615384616 0.12259615384615385 0.6033653846153847 0.13701923076923078 0.6658653846153847 0.12980769230769232 0.6730769230769231 0.11778846153846154 0.6682692307692308 0.10096153846153846 0.5889423076923077 0.09615384615384616 0.5625 0.10576923076923077 0.5552884615384616 0.12259615384615385
3 0.6730769230769231 0.1466346153846154 0.7139423076923077 0.15865384615384617 0.7091346153846154 0.17067307692307693 0.716346153846154 0.17548076923076925 0.747596153846154 0.17307692307692307 0.764423076923077 0.1466346153846154 0.7548076923076923 0.12980769230769232 0.6971153846153847 0.12980769230769232 0.6754807692307693 0.13221153846153846 0.6730769230769231 0.1466346153846154
3 0.6899038461538461 0.07211538461538461 0.733173076923077 0.07692307692307693 0.764423076923077 0.09375 0.764423076923077 0.10096153846153846 0.7355769230769231 0.10336538461538462 0.733173076923077 0.11057692307692309 0.7836538461538461 0.12740384615384617 0.8173076923076923 0.12019230769230771 0.8004807692307694 0.10336538461538462 0.8197115384615385 0.09375 0.826923076923077 0.07692307692307693 0.7692307692307693 0.07692307692307693 0.7451923076923077 0.0625 0.6995192307692308 0.060096153846153855 0.6875 0.06490384615384616 0.6899038461538461 0.07211538461538461
3 0.021634615384615384 0.7091346153846154 0.038461538461538464 0.685096153846154 0.036057692307692304 0.6634615384615385 0.028846153846153848 0.6466346153846154 0 0.6274038461538461 0 0.7115384615384616 0.021634615384615384 0.7091346153846154
3 0.01201923076923077 0.4230769230769231 0.07211538461538461 0.40625 0.06490384615384616 0.3918269230769231 0.019230769230769232 0.3870192307692308 0.009615384615384616 0.40144230769230776 0.01201923076923077 0.4230769230769231