3 0.6923076923076923 0.9879807692307694 0.685096153846154 0.96875 0.6899038461538461 0.9326923076923077 0.7211538461538461 0.8774038461538461 0.7572115384615385 0.8629807692307694 0.7908653846153847 0.8725961538461539 0.8677884615384617 0.8653846153846155 0.8725961538461539 0.8149038461538461 0.858173076923077 0.7596153846153847 0.8365384615384615 0.7259615384615385 0.747596153846154 0.701923076923077 0.5528846153846154 0.6947115384615385 0.46634615384615385 0.716346153846154 0.4447115384615385 0.7355769230769231 0.43990384615384615 0.8004807692307694 0.4206730769230769 0.8173076923076923 0.40625 0.8629807692307694 0.4158653846153847 0.8870192307692308 0.4375 0.8942307692307694 0.46153846153846156 0.9302884615384617 0.46394230769230776 0.9663461538461539 0.4471153846153847 1 0.6826923076923077 0.9927884615384617 0.6923076923076923 0.9879807692307694
3 0.46394230769230776 0.47115384615384615 0.4182692307692307 0.4759615384615385 0.4158653846153847 0.53125 0.44951923076923084 0.53125 0.4759615384615385 0.560096153846154 0.5144230769230769 0.560096153846154 0.5264423076923077 0.5408653846153847 0.5528846153846154 0.5528846153846154 0.6444071045826048 0.5289125362085045 0.6754807692307693 0.5216346153846154 0.7211538461538461 0.5408653846153847 0.7427884615384616 0.5336538461538461 0.75 0.4879807692307693 0.7259615384615385 0.44951923076923084 0.6322115384615385 0.4543269230769231 0.5264423076923077 0.4375 0.4831730769230769 0.43990384615384615 0.46394230769230776 0.47115384615384615
3 0.09375 0.7692307692307693 0.07932692307692309 0.8052884615384615 0.09134615384615385 0.8365384615384615 0.11298076923076923 0.8413461538461539 0.16105769230769232 0.8076923076923077 0.17548076923076925 0.7524038461538461 0.15625 0.7451923076923077 0.12019230769230771 0.7524038461538461 0.09375 0.7692307692307693
3 0.5697115384615385 0.40865384615384615 0.5841346153846154 0.4206730769230769 0.622596153846154 0.4230769230769231 0.6658653846153847 0.4158653846153847 0.6971153846153847 0.3966346153846154 0.6875 0.3822115384615385 0.6394230769230769 0.37259615384615385 0.5721153846153847 0.389423076923077 0.5697115384615385 0.40865384615384615
3 0.36778846153846156 0.4206730769230769 0.36778846153846156 0.4230769230769231 0.3629807692307693 0.4230769230769231 0.3605769230769231 0.4278846153846154 0.3557692307692308 0.4278846153846154 0.35336538461538464 0.43269230769230776 0.3509615384615385 0.43269230769230776 0.3509615384615385 0.43509615384615385 0.34855769230769235 0.43509615384615385 0.34855769230769235 0.4375 0.34615384615384615 0.4375 0.34615384615384615 0.44230769230769235 0.34375 0.44230769230769235 0.34375 0.44951923076923084 0.34615384615384615 0.44951923076923084 0.34615384615384615 0.4519230769230769 0.3509615384615385 0.4519230769230769 0.3509615384615385 0.4543269230769231 0.358173076923077 0.4543269230769231 0.358173076923077 0.4567307692307693 0.389423076923077 0.4567307692307693 0.389423076923077 0.4543269230769231 0.39903846153846156 0.4543269230769231 0.39903846153846156 0.4519230769230769 0.40625 0.4519230769230769 0.40625 0.44951923076923084 0.41105769230769235 0.44951923076923084 0.41105769230769235 0.4471153846153847 0.4158653846153847 0.4471153846153847 0.4158653846153847 0.4447115384615385 0.4230769230769231 0.4447115384615385 0.4230769230769231 0.44230769230769235 0.4278846153846154 0.44230769230769235 0.4278846153846154 0.43990384615384615 0.43269230769230776 0.43990384615384615 0.43269230769230776 0.4375 0.43509615384615385 0.4375 0.43509615384615385 0.43269230769230776 0.4375 0.43269230769230776 0.4375 0.4230769230769231 0.43269230769230776 0.4206730769230769 0.43269230769230776 0.4182692307692307 0.37740384615384615 0.4182692307692307 0.37740384615384615 0.4206730769230769 0.36778846153846156 0.4206730769230769
3 0.36778846153846156 0.37980769230769235 0.36778846153846156 0.3822115384615385 0.3605769230769231 0.3822115384615385 0.3605769230769231 0.38461538461538464 0.3557692307692308 0.38461538461538464 0.35336538461538464 0.389423076923077 0.3509615384615385 0.389423076923077 0.3509615384615385 0.3942307692307693 0.34855769230769235 0.3942307692307693 0.34855769230769235 0.40384615384615385 0.35336538461538464 0.40384615384615385 0.35336538461538464 0.40625 0.3629807692307693 0.40625 0.3629807692307693 0.40865384615384615 0.3822115384615385 0.40865384615384615 0.3822115384615385 0.40625 0.3918269230769231 0.40625 0.3918269230769231 0.40384615384615385 0.40625 0.40384615384615385 0.40625 0.40144230769230776 0.4134615384615385 0.40144230769230776 0.4134615384615385 0.39903846153846156 0.4206730769230769 0.39903846153846156 0.4206730769230769 0.3966346153846154 0.4254807692307693 0.3966346153846154 0.4254807692307693 0.38461538461538464 0.4230769230769231 0.38461538461538464 0.4230769230769231 0.3822115384615385 0.4182692307692307 0.3822115384615385 0.4182692307692307 0.37980769230769235 0.40625 0.37980769230769235 0.40625 0.37740384615384615 0.375 0.37740384615384615 0.375 0.37980769230769235 0.36778846153846156 0.37980769230769235
3 0.3125 0.34855769230769235 0.31009615384615385 0.35336538461538464 0.3076923076923077 0.35336538461538464 0.3076923076923077 0.3605769230769231 0.30528846153846156 0.3605769230769231 0.30528846153846156 0.36778846153846156 0.3076923076923077 0.36778846153846156 0.3076923076923077 0.37259615384615385 0.3125 0.375 0.3125 0.37740384615384615 0.3557692307692308 0.37740384615384615 0.3557692307692308 0.375 0.3605769230769231 0.375 0.3605769230769231 0.37259615384615385 0.3653846153846154 0.37259615384615385 0.36778846153846156 0.36778846153846156 0.3701923076923077 0.36778846153846156 0.3701923076923077 0.3653846153846154 0.375 0.3653846153846154 0.375 0.3605769230769231 0.37980769230769235 0.358173076923077 0.37980769230769235 0.34855769230769235 0.375 0.34855769230769235 0.375 0.34615384615384615 0.32211538461538464 0.34615384615384615 0.32211538461538464 0.34855769230769235 0.3125 0.34855769230769235
3 0.29086538461538464 0.3918269230769231 0.29086538461538464 0.3942307692307693 0.28605769230769235 0.3942307692307693 0.28605769230769235 0.40144230769230776 0.28365384615384615 0.40144230769230776 0.28365384615384615 0.40625 0.28125 0.40625 0.28365384615384615 0.4158653846153847 0.3076923076923077 0.4158653846153847 0.3076923076923077 0.4134615384615385 0.31730769230769235 0.4134615384615385 0.31730769230769235 0.41105769230769235 0.32211538461538464 0.41105769230769235 0.3245192307692308 0.40625 0.326923076923077 0.40625 0.326923076923077 0.3966346153846154 0.32211538461538464 0.3942307692307693 0.32211538461538464 0.3918269230769231 0.31009615384615385 0.3918269230769231 0.31009615384615385 0.389423076923077 0.30528846153846156 0.389423076923077 0.30528846153846156 0.3918269230769231 0.29086538461538464 0.3918269230769231
3 0.5168269230769231 0.35336538461538464 0.5168269230769231 0.3557692307692308 0.5024038461538461 0.3557692307692308 0.5024038461538461 0.358173076923077 0.49519230769230776 0.358173076923077 0.49519230769230776 0.3605769230769231 0.4879807692307693 0.3605769230769231 0.4831730769230769 0.36778846153846156 0.48076923076923084 0.36778846153846156 0.4783653846153847 0.37980769230769235 0.47355769230769235 0.3822115384615385 0.47355769230769235 0.3942307692307693 0.4759615384615385 0.3942307692307693 0.4759615384615385 0.3966346153846154 0.5120192307692308 0.39903846153846156 0.5120192307692308 0.3966346153846154 0.5216346153846154 0.3966346153846154 0.5216346153846154 0.3942307692307693 0.5360576923076923 0.3942307692307693 0.5360576923076923 0.3918269230769231 0.5384615384615385 0.3918269230769231 0.5384615384615385 0.38461538461538464 0.5456730769230769 0.37980769230769235 0.5456730769230769 0.37740384615384615 0.5552884615384616 0.375 0.5576923076923077 0.3701923076923077 0.5697115384615385 0.3701923076923077 0.5697115384615385 0.36778846153846156 0.5841346153846154 0.3629807692307693 0.5841346153846154 0.3605769230769231 0.5889423076923077 0.3605769230769231 0.591346153846154 0.3557692307692308 0.59375 0.3557692307692308 0.5889423076923077 0.34855769230769235 0.5408653846153847 0.34855769230769235 0.5408653846153847 0.3509615384615385 0.5168269230769231 0.35336538461538464
3 0.6153846153846154 0.31490384615384615 0.6153846153846154 0.31730769230769235 0.6081730769230769 0.31730769230769235 0.6081730769230769 0.31971153846153844 0.6033653846153847 0.31971153846153844 0.6033653846153847 0.32211538461538464 0.5985576923076923 0.32211538461538464 0.5985576923076923 0.3245192307692308 0.5961538461538461 0.3245192307692308 0.5961538461538461 0.3341346153846154 0.6009615384615385 0.3341346153846154 0.6009615384615385 0.33653846153846156 0.622596153846154 0.33653846153846156 0.622596153846154 0.3389423076923077 0.65625 0.3389423076923077 0.65625 0.33653846153846156 0.6730769230769231 0.33653846153846156 0.6730769230769231 0.3341346153846154 0.6826923076923077 0.3341346153846154 0.6826923076923077 0.3317307692307693 0.6875 0.3317307692307693 0.6875 0.32211538461538464 0.6826923076923077 0.31971153846153844 0.6826923076923077 0.31730769230769235 0.6778846153846154 0.31730769230769235 0.6778846153846154 0.31490384615384615 0.6730769230769231 0.31490384615384615 0.6730769230769231 0.3125 0.622596153846154 0.3125 0.622596153846154 0.31490384615384615 0.6153846153846154 0.31490384615384615
3 0.5240384615384616 0.31730769230769235 0.5216346153846154 0.32211538461538464 0.5192307692307693 0.32211538461538464 0.5192307692307693 0.3317307692307693 0.5240384615384616 0.3341346153846154 0.5240384615384616 0.33653846153846156 0.5576923076923077 0.33653846153846156 0.5576923076923077 0.3341346153846154 0.5649038461538461 0.3341346153846154 0.5649038461538461 0.3317307692307693 0.5697115384615385 0.3317307692307693 0.5697115384615385 0.326923076923077 0.5721153846153847 0.326923076923077 0.5721153846153847 0.31971153846153844 0.5697115384615385 0.31971153846153844 0.5697115384615385 0.31730769230769235 0.5625 0.31730769230769235 0.5625 0.31490384615384615 0.5288461538461539 0.31490384615384615 0.5288461538461539 0.31730769230769235 0.5240384615384616 0.31730769230769235
3 0.4471153846153847 0.3293269230769231 0.4471153846153847 0.3317307692307693 0.43990384615384615 0.3317307692307693 0.43990384615384615 0.3341346153846154 0.43509615384615385 0.3341346153846154 0.43509615384615385 0.33653846153846156 0.43269230769230776 0.33653846153846156 0.43269230769230776 0.34134615384615385 0.43028846153846156 0.34134615384615385 0.43028846153846156 0.3509615384615385 0.43269230769230776 0.3509615384615385 0.43269230769230776 0.35336538461538464 0.4519230769230769 0.35336538461538464 0.4519230769230769 0.3509615384615385 0.46875 0.3509615384615385 0.46875 0.34855769230769235 0.4759615384615385 0.34855769230769235 0.4759615384615385 0.34615384615384615 0.4855769230769231 0.34615384615384615 0.4879807692307693 0.34134615384615385 0.4903846153846154 0.34134615384615385 0.4903846153846154 0.3341346153846154 0.4855769230769231 0.3317307692307693 0.4855769230769231 0.3293269230769231 0.48076923076923084 0.3293269230769231 0.48076923076923084 0.326923076923077 0.46394230769230776 0.326923076923077 0.46394230769230776 0.3293269230769231 0.4471153846153847 0.3293269230769231
3 0.5552884615384616 0.28605769230769235 0.5552884615384616 0.28846153846153844 0.5504807692307693 0.28846153846153844 0.5480769230769231 0.2932692307692308 0.5432692307692308 0.2932692307692308 0.5432692307692308 0.2980769230769231 0.5408653846153847 0.2980769230769231 0.5408653846153847 0.3028846153846154 0.5384615384615385 0.3028846153846154 0.5384615384615385 0.30528846153846156 0.5432692307692308 0.3076923076923077 0.5432692307692308 0.31009615384615385 0.5480769230769231 0.31009615384615385 0.5480769230769231 0.3125 0.5793269230769231 0.3125 0.5793269230769231 0.31009615384615385 0.591346153846154 0.31009615384615385 0.591346153846154 0.3076923076923077 0.6033653846153847 0.3076923076923077 0.6033653846153847 0.30528846153846156 0.6129807692307693 0.30528846153846156 0.6153846153846154 0.3004807692307693 0.6177884615384616 0.3004807692307693 0.6153846153846154 0.295673076923077 0.6129807692307693 0.295673076923077 0.6129807692307693 0.2932692307692308 0.6081730769230769 0.2932692307692308 0.6081730769230769 0.29086538461538464 0.59375 0.28846153846153844 0.59375 0.28605769230769235 0.5793269230769231 0.28605769230769235 0.5793269230769231 0.28365384615384615 0.5745192307692308 0.28365384615384615 0.5745192307692308 0.28605769230769235 0.5552884615384616 0.28605769230769235
3 0.5120192307692308 0.2716346153846154 0.5120192307692308 0.27403846153846156 0.5072115384615385 0.27403846153846156 0.5072115384615385 0.2764423076923077 0.5024038461538461 0.2764423076923077 0.5 0.28605769230769235 0.5048076923076923 0.28846153846153844 0.5048076923076923 0.29086538461538464 0.5480769230769231 0.29086538461538464 0.5480769230769231 0.28846153846153844 0.5528846153846154 0.28846153846153844 0.5528846153846154 0.28605769230769235 0.5552884615384616 0.28605769230769235 0.5552884615384616 0.28125 0.5576923076923077 0.28125 0.5576923076923077 0.27884615384615385 0.5697115384615385 0.27884615384615385 0.5697115384615385 0.2764423076923077 0.5721153846153847 0.2764423076923077 0.5721153846153847 0.2692307692307693 0.5240384615384616 0.2692307692307693 0.5240384615384616 0.2716346153846154 0.5120192307692308 0.2716346153846154
3 0.5649038461538461 0.23076923076923078 0.5649038461538461 0.23317307692307693 0.5625 0.23317307692307693 0.5625 0.24038461538461542 0.5649038461538461 0.24038461538461542 0.5649038461538461 0.24278846153846154 0.5697115384615385 0.24278846153846154 0.5697115384615385 0.2451923076923077 0.6009615384615385 0.2451923076923077 0.6009615384615385 0.24278846153846154 0.6153846153846154 0.24278846153846154 0.6153846153846154 0.24038461538461542 0.6201923076923077 0.24038461538461542 0.6201923076923077 0.23317307692307693 0.6153846153846154 0.23317307692307693 0.6153846153846154 0.23076923076923078 0.6009615384615385 0.23076923076923078 0.6009615384615385 0.22836538461538464 0.5745192307692308 0.22836538461538464 0.5745192307692308 0.23076923076923078 0.5649038461538461 0.23076923076923078
3 0.6322115384615385 0.22355769230769235 0.6322115384615385 0.22596153846153846 0.6298076923076923 0.22596153846153846 0.6298076923076923 0.23076923076923078 0.6322115384615385 0.23076923076923078 0.6322115384615385 0.23317307692307693 0.6418269230769231 0.23317307692307693 0.6418269230769231 0.23557692307692307 0.6610576923076923 0.23557692307692307 0.6610576923076923 0.23317307692307693 0.6634615384615385 0.23317307692307693 0.6634615384615385 0.22596153846153846 0.6586538461538461 0.22355769230769235 0.6586538461538461 0.22115384615384617 0.6394230769230769 0.22115384615384617 0.6394230769230769 0.22355769230769235 0.6322115384615385 0.22355769230769235
3 0.5168269230769231 0.25480769230769235 0.5144230769230769 0.25961538461538464 0.5168269230769231 0.25961538461538464 0.5168269230769231 0.2620192307692308 0.5552884615384616 0.2620192307692308 0.5552884615384616 0.25480769230769235 0.5384615384615385 0.25480769230769235 0.5384615384615385 0.25240384615384615 0.5360576923076923 0.25240384615384615 0.5360576923076923 0.25480769230769235 0.5168269230769231 0.25480769230769235
3 0.5024038461538461 0.2451923076923077 0.5024038461538461 0.25240384615384615 0.5144230769230769 0.25240384615384615 0.5144230769230769 0.25480769230769235 0.53125 0.25480769230769235 0.53125 0.25240384615384615 0.5432692307692308 0.25240384615384615 0.5432692307692308 0.24759615384615388 0.5408653846153847 0.24759615384615388 0.5408653846153847 0.2451923076923077 0.5360576923076923 0.2451923076923077 0.5360576923076923 0.24278846153846154 0.5072115384615385 0.24278846153846154 0.5072115384615385 0.2451923076923077 0.5024038461538461 0.2451923076923077